---------------------------------------------------------------------------
Pearson's correlation coefficient
---------------------------------------------------------------------------
          Ca     Mg    Fe     Cu     Zn        Na
Ca     1.000 -0.899 0.127 -0.462 -0.360 -0.584816
Mg    -0.899  1.000 0.298  0.790  0.719  0.873377
Fe     0.127  0.298 1.000  0.804  0.866  0.718788
Cu    -0.462  0.790 0.804  1.000  0.983  0.983682
Zn    -0.360  0.719 0.866  0.983  1.000  0.964800
Na    -0.585  0.873 0.719  0.984  0.965  1.000000
K      0.231  0.195 0.980  0.741  0.820  0.646441
vit_c  0.777 -0.474 0.652  0.141  0.250 -0.000181
ash   -0.715  0.939 0.577  0.936  0.892  0.973703
          K     vit_c    ash
Ca    0.231  0.777032 -0.715
Mg    0.195 -0.474135  0.939
Fe    0.980  0.652391  0.577
Cu    0.741  0.140757  0.936
Zn    0.820  0.250499  0.892
Na    0.646 -0.000181  0.974
K     1.000  0.746905  0.489
vit_c 0.747  1.000000 -0.177
ash   0.489 -0.176618  1.000
---------------------------------------------------------------------------
p-values for the correlation coefficients
---------------------------------------------------------------------------
            Ca        Mg       Fe       Cu        Zn
Ca    0.00e+00  1.55e-11 5.04e-01 1.01e-02  5.05e-02
Mg    1.55e-11 1.06e-220 1.10e-01 2.06e-07  7.76e-06
Fe    5.04e-01  1.10e-01 0.00e+00 8.73e-08  6.53e-10
Cu    1.01e-02  2.06e-07 8.73e-08 0.00e+00  2.77e-22
Zn    5.05e-02  7.76e-06 6.53e-10 2.77e-22 1.73e-216
Na    6.89e-04  3.03e-10 7.67e-06 2.10e-22  8.85e-18
K     2.19e-01  3.03e-01 2.52e-21 2.80e-06  3.01e-08
vit_c 4.43e-07  8.12e-03 9.35e-05 4.58e-01  1.82e-01
ash   9.05e-06  1.60e-14 8.34e-04 3.33e-14  3.67e-11
            Na         K    vit_c      ash
Ca    6.89e-04  2.19e-01 4.43e-07 9.05e-06
Mg    3.03e-10  3.03e-01 8.12e-03 1.60e-14
Fe    7.67e-06  2.52e-21 9.35e-05 8.34e-04
Cu    2.10e-22  2.80e-06 4.58e-01 3.33e-14
Zn    8.85e-18  3.01e-08 1.82e-01 3.67e-11
Na    0.00e+00  1.14e-04 9.99e-01 1.58e-19
K     1.14e-04 1.06e-220 2.13e-06 6.15e-03
vit_c 9.99e-01  2.13e-06 0.00e+00 3.50e-01
ash   1.58e-19  6.15e-03 3.50e-01 0.00e+00



